Roll,Pitch,Yaw,Time
-26.64,-24.33,-77.75,0.0003
-26.04,-22.94,-78.43,0.0008
-26.27,-23.02,-76.96,0.0009
-26.36,-23.63,-77.08,0.017
-27.28,-23.84,-77.56,0.0906
-26.85,-23.13,-78.6,0.1603
-26.95,-22.85,-76.88,0.23
-26.85,-23.37,-78.95,0.3037
-27.22,-23.43,-77.07,0.3733
-27.02,-22.95,-78.33,0.447
-26.87,-23.77,-77.59,0.5167
-27.08,-23.21,-77.21,0.5904
-27.18,-23.28,-78.2,0.6601
-27.04,-23.5,-76.78,0.7297
-27.02,-23.29,-77.73,0.8034
-27.0,-23.22,-78.67,0.8731
-27.01,-23.51,-77.2,0.9468
-26.96,-23.21,-78.08,1.0165
-27.1,-23.18,-78.25,1.0902
-27.06,-23.4,-78.92,1.1598
-26.93,-23.34,-77.53,1.2295
-26.99,-23.26,-76.92,1.3033
-26.93,-23.42,-77.33,1.3728
-27.13,-23.5,-78.44,1.4466
-27.02,-23.41,-78.38,1.5162
-26.96,-23.43,-77.51,1.5899
-27.11,-23.2,-78.13,1.6596
-27.14,-23.39,-76.82,1.7333
-27.24,-23.36,-79.24,1.8029
-26.94,-23.43,-77.13,1.8726
-26.86,-23.62,-78.44,1.9463
-27.12,-23.43,-77.22,2.016
-27.09,-23.47,-78.22,2.0896
-27.07,-23.41,-77.33,2.1594
-26.95,-23.29,-76.11,2.233
-27.11,-23.46,-78.46,2.3026
-27.25,-23.33,-77.64,2.3724
-27.11,-23.15,-77.56,2.4461
-27.11,-23.56,-77.79,2.5158
-27.06,-23.34,-78.43,2.5895
-27.1,-23.44,-78.78,2.6591
-26.66,-23.1,-77.7,2.7328
-27.14,-23.54,-78.18,2.8024
-27.07,-23.11,-77.38,2.8762
-26.86,-23.25,-77.61,2.9458
-27.02,-23.4,-78.57,3.0154
-27.0,-23.29,-77.72,3.0891
-27.04,-23.47,-78.46,3.1588
-26.98,-23.38,-77.48,3.2325
-26.61,-23.19,-77.88,3.3022
-27.16,-23.38,-77.46,3.3759
-26.95,-23.4,-77.64,3.4456
-27.43,-23.72,-78.81,3.5152
-27.12,-23.66,-77.87,3.5889
-27.06,-23.32,-77.41,3.6586
-27.09,-23.49,-78.18,3.7323
-27.06,-23.4,-78.27,3.8019
-27.11,-23.27,-78.57,3.8756
-27.34,-23.46,-78.24,3.9453
-26.88,-23.47,-78.38,4.019
-26.76,-23.6,-77.8,4.0886
-27.1,-23.19,-78.45,4.1584
-27.14,-23.47,-77.9,4.2321
-26.98,-23.39,-79.03,4.3017
-27.07,-23.4,-78.94,4.3754
-27.01,-23.24,-77.5,4.4452
-27.0,-23.44,-78.59,4.5187
-26.92,-23.51,-78.44,4.5884
-27.13,-23.43,-78.42,4.6581
-27.1,-23.59,-78.28,4.7317
-26.98,-23.42,-77.96,4.8014
-26.86,-23.43,-77.78,4.8752
-26.95,-23.33,-78.02,4.9448
-27.05,-23.44,-76.7,5.0185
-26.98,-23.2,-77.3,5.0881
-27.16,-23.31,-77.65,5.1579
-26.93,-23.4,-77.38,5.2315
-27.12,-23.18,-77.64,5.3012
-26.87,-23.19,-77.87,5.3748
-26.71,-22.94,-78.42,5.4445
-26.98,-23.23,-78.53,5.5182
-26.82,-23.21,-77.55,5.5878
-27.06,-23.3,-77.6,5.6616
-27.04,-23.49,-78.03,5.7313
-27.03,-23.39,-76.47,5.8009
-27.2,-23.39,-78.04,5.8746
-26.91,-23.47,-77.67,5.9443
-26.87,-23.28,-77.08,6.0179
-27.06,-23.38,-78.07,6.0876
-27.1,-23.43,-78.33,6.1614
-27.02,-23.31,-78.16,6.231
-27.17,-23.22,-77.57,6.3006
-27.1,-23.54,-78.31,6.3744
-27.14,-23.66,-78.34,6.444
-26.91,-23.09,-78.32,6.5177
-26.94,-23.32,-77.74,6.5873
-26.99,-23.24,-78.21,6.661
-26.99,-23.13,-77.78,6.7307
-27.02,-23.44,-77.78,6.8044
-26.78,-23.42,-78.17,6.8741
-26.87,-23.46,-77.48,6.9438
-26.91,-23.59,-77.74,7.0175
-26.91,-23.43,-78.11,7.0871
-27.14,-23.67,-78.13,7.1608
-27.02,-23.42,-77.62,7.2305
-27.06,-23.22,-78.62,7.3043
-27.05,-23.22,-78.01,7.3739
-27.26,-23.41,-78.59,7.4436
-27.11,-23.23,-77.35,7.5173
-26.92,-23.46,-78.32,7.5869
-26.94,-23.52,-77.96,7.6607
-27.17,-23.6,-78.26,7.7303
-26.1,-24.98,-77.09,7.804
-27.18,-23.48,-78.78,7.8782
-26.76,-22.52,-78.71,7.9433
-27.45,-23.6,-78.9,8.017
-27.31,-23.11,-77.92,8.0869
-27.01,-23.43,-78.02,8.1604
-26.95,-23.38,-78.89,8.2303
-27.24,-23.04,-78.99,8.3037
-27.24,-23.02,-79.16,8.3733
-27.35,-23.24,-78.23,8.4471
-27.35,-23.17,-78.05,8.5167
-27.36,-23.17,-78.55,8.5863
-27.26,-23.56,-78.34,8.66
-27.03,-23.4,-78.18,8.7297
-26.8,-23.43,-78.14,8.8034
-26.91,-23.36,-78.27,8.8731
-26.87,-23.39,-77.36,8.9468
-27.04,-23.04,-77.69,9.0165
-27.13,-23.33,-78.39,9.086
-27.41,-23.17,-79.23,9.1598
-27.1,-23.2,-77.92,9.2295
-27.28,-23.28,-79.13,9.3031
-27.27,-23.26,-78.3,9.3728
-26.97,-23.25,-78.77,9.4466
-27.14,-23.51,-78.85,9.5163
-27.08,-23.33,-78.24,9.5898
-27.19,-23.47,-78.8,9.6595
-27.17,-23.48,-77.95,9.7292
-27.05,-23.45,-78.61,9.8029
-27.2,-23.24,-77.96,9.8726
-27.47,-23.28,-79.19,9.9463
-27.03,-23.75,-77.55,10.0159
-26.67,-23.24,-78.35,10.0896
-26.94,-22.85,-78.19,10.1593
-27.17,-23.53,-78.04,10.2289
-27.16,-23.04,-78.83,10.3027
-26.97,-23.19,-79.04,10.3723
-26.93,-23.55,-77.97,10.4461
-27.09,-23.13,-78.44,10.5157
-26.89,-23.3,-78.14,10.5893
-27.15,-23.49,-78.08,10.6591
-27.16,-23.37,-78.78,10.7328
-27.21,-23.16,-77.61,10.8024
-27.08,-23.47,-77.55,10.872
-27.2,-23.2,-79.52,10.9458
-27.39,-23.41,-79.21,11.0154
-27.16,-23.27,-78.78,11.0891
-26.82,-23.04,-77.91,11.1588
-27.1,-23.28,-78.2,11.2325
-26.93,-23.58,-77.74,11.3022
-27.15,-23.2,-79.23,11.3718
-27.12,-23.15,-78.47,11.4455
-27.24,-23.3,-76.86,11.5152
-27.1,-23.14,-77.82,11.5889
-26.97,-23.22,-78.44,11.6586
-27.22,-23.24,-79.14,11.7323
